0.000000000000000 0.000000000000000 0.000000000000000 0.000000000000000
0.030925107000000 0.009370423000000 0.010233383000000 0.031054468000000
0.060998708000000 0.018264149000000 0.019946459000000 0.061234311000000
0.090243845000000 0.026698246000000 0.029158337000000 0.090564244000000
0.118682940000000 0.034689247000000 0.037887505000000 0.119068275000000
0.146337804000000 0.042253170000000 0.046151844000000 0.146769722000000
0.173229661000000 0.049405531000000 0.053968651000000 0.173691232000000
0.199379160000000 0.056161359000000 0.061354652000000 0.199854805000000
0.224806390000000 0.062535211000000 0.068326027000000 0.225281807000000
0.249530900000000 0.068541184000000 0.074898421000000 0.249992995000000
0.273571707000000 0.074192930000000 0.081086962000000 0.274008528000000
0.296947313000000 0.079503670000000 0.086906278000000 0.297347988000000
0.319675723000000 0.084486203000000 0.092370515000000 0.320030398000000
0.341774452000000 0.089152922000000 0.097493345000000 0.342074234000000
0.363260543000000 0.093515826000000 0.102287989000000 0.363497446000000
0.384150575000000 0.097586527000000 0.106767226000000 0.384317469000000
0.404460682000000 0.101376268000000 0.110943406000000 0.404551240000000
0.424206560000000 0.104895929000000 0.114828469000000 0.424215212000000
0.443403480000000 0.108156040000000 0.118433952000000 0.443325367000000
0.462066301000000 0.111166789000000 0.121771005000000 0.461897233000000
0.480209479000000 0.113938036000000 0.124850403000000 0.479945892000000
0.497847080000000 0.116479320000000 0.127682556000000 0.497485999000000
0.514992788000000 0.118799869000000 0.130277521000000 0.514531787000000
0.531659919000000 0.120908609000000 0.132645015000000 0.531097088000000
0.547861427000000 0.122814174000000 0.134794424000000 0.547195336000000
0.563609917000000 0.124524914000000 0.136734813000000 0.562839586000000
0.578917652000000 0.126048904000000 0.138474938000000 0.578042517000000
0.593796565000000 0.127393951000000 0.140023254000000 0.592816452000000
0.608258263000000 0.128567603000000 0.141387926000000 0.607173361000000
0.622314043000000 0.129577159000000 0.142576836000000 0.621124875000000
0.635974895000000 0.130429670000000 0.143597597000000 0.634682292000000
0.649251510000000 0.131131955000000 0.144457553000000 0.647856592000000
0.662154294000000 0.131690601000000 0.145163797000000 0.660658444000000
0.674693366000000 0.132111973000000 0.145723173000000 0.673098211000000
0.686878578000000 0.132402221000000 0.146142284000000 0.685185964000000
0.698719510000000 0.132567286000000 0.146427503000000 0.696931491000000
0.710225486000000 0.132612907000000 0.146584979000000 0.708344298000000
0.721405577000000 0.132544624000000 0.146620643000000 0.719433627000000
0.732268610000000 0.132367788000000 0.146540216000000 0.730208454000000
0.742823171000000 0.132087566000000 0.146349214000000 0.740677504000000
0.753077617000000 0.131708945000000 0.146052959000000 0.750849254000000
0.763040077000000 0.131236739000000 0.145656580000000 0.760731943000000
0.772718460000000 0.130675593000000 0.145165023000000 0.770333577000000
0.782120463000000 0.130029989000000 0.144583055000000 0.779661935000000
0.791253575000000 0.129304251000000 0.143915269000000 0.788724578000000
0.800125080000000 0.128502552000000 0.143166095000000 0.797528852000000
0.808742069000000 0.127628912000000 0.142339796000000 0.806081899000000
0.817111438000000 0.126687212000000 0.141440482000000 0.814390657000000
0.825239899000000 0.125681191000000 0.140472111000000 0.822461871000000
0.833133982000000 0.124614452000000 0.139438494000000 0.830302095000000
0.840800040000000 0.123490471000000 0.138343302000000 0.837917700000000
0.848244255000000 0.122312594000000 0.137190067000000 0.845314877000000
0.855472643000000 0.121084045000000 0.135982189000000 0.852499644000000
0.862491056000000 0.119807929000000 0.134722941000000 0.859477849000000
0.869305189000000 0.118487237000000 0.133415471000000 0.866255177000000
0.875920582000000 0.117124848000000 0.132062809000000 0.872837155000000
0.882342627000000 0.115723532000000 0.130667865000000 0.879229152000000
0.888576570000000 0.114285955000000 0.129233442000000 0.885436390000000
0.894627514000000 0.112814683000000 0.127762232000000 0.891463943000000
0.900500427000000 0.111312182000000 0.126256823000000 0.897316744000000
0.906200141000000 0.109780825000000 0.124719700000000 0.902999588000000
0.911731358000000 0.108222892000000 0.123153252000000 0.908517137000000
0.917098653000000 0.106640573000000 0.121559775000000 0.913873920000000
0.922306477000000 0.105035975000000 0.119941469000000 0.919074345000000
0.927359164000000 0.103411119000000 0.118300450000000 0.924122691000000
0.932260926000000 0.101767948000000 0.116638747000000 0.929023124000000
0.937015867000000 0.100108324000000 0.114958306000000 0.933779689000000
0.941627976000000 0.098434035000000 0.113260994000000 0.938396322000000
0.946101136000000 0.096746797000000 0.111548600000000 0.942876848000000
0.950439127000000 0.095048255000000 0.109822841000000 0.947224987000000
0.954645624000000 0.093339984000000 0.108085359000000 0.951444354000000
0.958724204000000 0.091623496000000 0.106337730000000 0.955538464000000
0.962678350000000 0.089900237000000 0.104581460000000 0.959510738000000
0.966511448000000 0.088171591000000 0.102817992000000 0.963364497000000
0.970226794000000 0.086438884000000 0.101048705000000 0.967102975000000
0.973827595000000 0.084703384000000 0.099274921000000 0.970729314000000
0.977316973000000 0.082966302000000 0.097497899000000 0.974246569000000
0.980697964000000 0.081228796000000 0.095718846000000 0.977657711000000
0.983973523000000 0.079491972000000 0.093938913000000 0.980965631000000
0.987146526000000 0.077756887000000 0.092159198000000 0.984173137000000
0.990219770000000 0.076024546000000 0.090380750000000 0.987282963000000
0.993195979000000 0.074295911000000 0.088604568000000 0.990297765000000
0.996077802000000 0.072571895000000 0.086831605000000 0.993220128000000
0.998867817000000 0.070853371000000 0.085062767000000 0.996052564000000
1.001568533000000 0.069141167000000 0.083298918000000 0.998797518000000
1.004182392000000 0.067436070000000 0.081540880000000 1.001457367000000
1.006711768000000 0.065738831000000 0.079789433000000 1.004034422000000
1.009158975000000 0.064050158000000 0.078045317000000 1.006530932000000
1.011526261000000 0.062370728000000 0.076309238000000 1.008949085000000
1.013815816000000 0.060701177000000 0.074581861000000 1.011291006000000
1.016029770000000 0.059042111000000 0.072863819000000 1.013558766000000
1.018170196000000 0.057394101000000 0.071155710000000 1.015754376000000
1.020239111000000 0.055757688000000 0.069458100000000 1.017879795000000
1.022238480000000 0.054133380000000 0.067771523000000 1.019936926000000
1.024170211000000 0.052521658000000 0.066096483000000 1.021927621000000
1.026036165000000 0.050922973000000 0.064433454000000 1.023853684000000
1.027838150000000 0.049337748000000 0.062782884000000 1.025716866000000
1.029577928000000 0.047766382000000 0.061145193000000 1.027518873000000
1.031257211000000 0.046209247000000 0.059520774000000 1.029261363000000
1.032877667000000 0.044666691000000 0.057909996000000 1.030945951000000
